test_iter: 469
test_interval: 352
base_lr: 0.00999999977648
display: 40
max_iter: 3520
lr_policy: "step"
gamma: 0.10000000149
momentum: 0.899999976158
weight_decay: 9.99999974738e-05
stepsize: 1162
snapshot: 352
snapshot_prefix: "snapshot"
solver_mode: GPU
net: "train_val.prototxt"
solver_type: SGD
